 1267.742356   0.000000   0.014907 
 1268.630926   0.500000   0.014907 
 1268.630926   0.333333   0.014907 
 1267.655344   0.500000   0.014907 
 1267.263679   0.600000   0.014907 
 1257.649885   0.666667   0.014907 
 1255.850544   0.714286   0.014907 
 1242.393527   0.750000   0.014907 
 1242.393527   0.666667   0.014907 
 1242.393527   0.600000   0.014907 
 1242.393527   0.545455   0.014907 
 1240.151073   0.583333   0.014907 
 1235.847882   0.615385   0.014907 
 1235.847882   0.571429   0.014907 
 1234.078112   0.600000   0.014907 
 1233.641093   0.625000   0.014907 
 1227.347707   0.647059   0.014907 
 1227.347707   0.611111   0.014907 
 1227.347707   0.578947   0.014907 
 1227.347707   0.550000   0.014907 
 1221.765467   0.571429   0.014907 
 1221.765467   0.545455   0.014907 
 1221.765467   0.521739   0.014907 
 1218.414811   0.541667   0.014907 
 1218.414811   0.520000   0.014907 
 1215.450951   0.538462   0.014907 
 1215.450951   0.518519   0.014907 
 1215.450951   0.500000   0.014907 
 1212.930260   0.517241   0.014907 
 1212.930260   0.500000   0.014907 
 1209.079483   0.516129   0.014907 
 1209.079483   0.500000   0.014907 
 1200.506571   0.515152   0.014907 
 1200.506571   0.500000   0.014907 
 1200.506571   0.485714   0.014907 
 1191.622218   0.500000   0.014907 
 1191.622218   0.486486   0.014907 
 1192.228492   0.500000   0.014907 
 1190.329061   0.512821   0.014907 
 1180.090307   0.525000   0.014907 
 1180.090307   0.512195   0.014907 
 1177.309376   0.523810   0.014907 
 1177.309376   0.511628   0.014907 
 1176.491961   0.522727   0.014907 
 1176.491961   0.511111   0.014907 
 1175.236032   0.521739   0.014907 
 1166.749377   0.531915   0.014907 
 1166.749377   0.520833   0.014907 
 1166.292501   0.530612   0.014907 
 1166.292501   0.520000   0.014907 
 1166.665136   0.529412   0.014907 
 1166.665136   0.519231   0.014907 
 1148.771959   0.528302   0.014907 
 1148.771959   0.518519   0.014907 
 1148.771959   0.509091   0.014907 
 1148.771959   0.500000   0.014907 
 1148.771959   0.491228   0.014907 
 1135.044382   0.500000   0.014907 
 1135.044382   0.491525   0.014907 
 1135.044382   0.483333   0.014907 
 1135.044382   0.475410   0.014907 
 1134.440830   0.483871   0.014907 
 1134.440830   0.476190   0.014907 
 1134.310162   0.484375   0.014907 
 1136.748032   0.492308   0.014907 
 1136.748032   0.484848   0.014907 
 1130.362583   0.492537   0.014907 
 1129.949617   0.500000   0.014907 
 1125.444261   0.507246   0.014907 
 1125.444261   0.500000   0.014907 
 1125.444261   0.492958   0.014907 
 1118.497562   0.500000   0.014907 
 1110.580882   0.506849   0.014907 
 1099.445568   0.513514   0.014907 
 1098.716730   0.520000   0.014907 
 1098.716730   0.513158   0.014907 
 1098.716730   0.506494   0.014907 
 1099.000673   0.512821   0.014907 
 1098.561601   0.518987   0.014907 
 1094.488268   0.525000   0.014907 
 1089.045762   0.530864   0.014907 
 1072.488900   0.536585   0.014907 
 1063.597435   0.542169   0.014907 
 1061.406771   0.547619   0.014907 
 1058.329034   0.552941   0.014907 
 1058.329034   0.546512   0.014907 
 1056.077513   0.551724   0.014907 
 1055.612521   0.556818   0.014907 
 1047.257653   0.561798   0.014907 
 1047.257653   0.555556   0.014907 
 1046.057666   0.560440   0.014907 
 1046.057666   0.554348   0.014907 
 1042.978516   0.559140   0.014907 
 1042.718096   0.563830   0.014907 
 1042.718096   0.557895   0.014907 
 1042.052419   0.562500   0.014907 
 1042.052419   0.556701   0.014907 
 1043.793740   0.561224   0.014907 
 1037.319190   0.565657   0.014907 
 1037.319190   0.560000   0.014907 
 1037.319190   0.554455   0.014907 
 1037.319190   0.549020   0.014907 
 1037.622830   0.553398   0.014907 
 1033.004161   0.557692   0.014907 
 1033.004161   0.552381   0.014907 
 1032.801256   0.556604   0.014907 
 1032.774242   0.560748   0.014907 
 1024.675363   0.564815   0.014907 
 1024.089223   0.568807   0.014907 
 1022.396714   0.572727   0.014907 
 1022.396714   0.567568   0.014907 
 1022.396714   0.562500   0.014907 
 1018.269954   0.566372   0.014907 
 1018.041461   0.570175   0.014907 
 1018.041461   0.565217   0.014907 
 1018.041461   0.560345   0.014907 
 1020.133611   0.564103   0.014907 
 1020.133611   0.559322   0.014907 
 1020.133611   0.554622   0.014907 
 1018.825480   0.558333   0.014907 
 1017.540483   0.561983   0.014907 
 1017.809718   0.565574   0.014907 
 1017.809718   0.560976   0.014907 
 1017.809718   0.556452   0.014907 
 1017.809718   0.552000   0.014907 
 1013.468340   0.555556   0.014907 
 1013.468340   0.551181   0.014907 
 982.879907   0.554688   0.014907 
 982.879907   0.550388   0.014907 
 967.430050   0.553846   0.014907 
 964.673259   0.557252   0.014907 
 954.417556   0.560606   0.014907 
 954.417556   0.556391   0.014907 
 954.417556   0.552239   0.014907 
 948.497432   0.555556   0.014907 
 947.997157   0.558824   0.014907 
 943.930215   0.562044   0.014907 
 943.930215   0.557971   0.014907 
 943.930215   0.553957   0.014907 
 943.930215   0.550000   0.014907 
 943.930215   0.546099   0.014907 
 943.930215   0.542254   0.014907 
 943.930215   0.538462   0.014907 
 943.930215   0.534722   0.014907 
 943.930215   0.531034   0.014907 
 943.930215   0.527397   0.014907 
 946.784931   0.530612   0.014907 
 946.784931   0.527027   0.014907 
 946.784931   0.523490   0.014907 
 942.804960   0.526667   0.014907 
 931.711019   0.529801   0.014907 
 931.577962   0.532895   0.014907 
 931.047460   0.535948   0.014907 
 931.047460   0.532468   0.014907 
 931.047460   0.529032   0.014907 
 931.047460   0.525641   0.014907 
 931.047460   0.522293   0.014907 
 931.447541   0.525316   0.014907 
 930.497761   0.528302   0.014907 
 930.497761   0.525000   0.014907 
 929.886384   0.527950   0.014907 
 930.609288   0.530864   0.014907 
 930.072282   0.533742   0.014907 
 930.072282   0.530488   0.014907 
 928.688317   0.533333   0.014907 
 928.688317   0.530120   0.014907 
 928.138671   0.532934   0.014907 
 928.138671   0.529762   0.014907 
 928.138671   0.526627   0.014907 
 928.138671   0.523529   0.014907 
 928.138671   0.520468   0.014907 
 925.403475   0.523256   0.014907 
 925.403475   0.520231   0.014907 
 924.919992   0.522989   0.014907 
 919.080148   0.525714   0.014907 
 918.972645   0.528409   0.014907 
 910.435641   0.531073   0.014907 
 910.435641   0.528090   0.014907 
 910.435641   0.525140   0.014907 
 910.435641   0.522222   0.014907 
 910.435641   0.519337   0.014907 
 910.595405   0.521978   0.014907 
 910.595405   0.519126   0.014907 
 908.141635   0.521739   0.014907 
 908.141635   0.518919   0.014907 
 901.159970   0.521505   0.014907 
 901.159970   0.518717   0.014907 
 901.159970   0.515957   0.014907 
 892.401448   0.518519   0.014907 
 892.401448   0.515789   0.014907 
 892.401448   0.513089   0.014907 
 892.401448   0.510417   0.014907 
 885.517302   0.512953   0.014907 
 883.340347   0.515464   0.014907 
 883.340347   0.512821   0.014907 
 871.393320   0.515306   0.014907 
 864.342010   0.517766   0.014907 
 861.115927   0.520202   0.014907 
 862.358804   0.522613   0.014907 
 862.358804   0.520000   0.014907 
 857.346255   0.522388   0.014907 
 855.694280   0.524752   0.014907 
 855.694280   0.522167   0.014907 
 853.167280   0.524510   0.014907 
 853.167280   0.521951   0.014907 
 855.666865   0.524272   0.014907 
 855.666865   0.521739   0.014907 
 855.666865   0.519231   0.014907 
 854.992587   0.521531   0.014907 
 853.905581   0.523810   0.014907 
 844.971447   0.526066   0.014907 
 840.361846   0.528302   0.014907 
 830.109900   0.530516   0.014907 
 826.353946   0.532710   0.014907 
 817.086559   0.534884   0.014907 
 815.489166   0.537037   0.014907 
 807.595630   0.539171   0.014907 
 807.185555   0.541284   0.014907 
 801.305225   0.543379   0.014907 
 799.687433   0.545455   0.014907 
 790.489723   0.547511   0.014907 
 790.489723   0.545045   0.014907 
 790.489723   0.542601   0.014907 
 791.138078   0.544643   0.014907 
 791.138078   0.542222   0.014907 
 791.138078   0.539823   0.014907 
 791.138078   0.537445   0.014907 
 791.138078   0.535088   0.014907 
 786.353324   0.537118   0.014907 
 786.353324   0.534783   0.014907 
 773.532359   0.536797   0.014907 
 773.532359   0.534483   0.014907 
 769.645307   0.536481   0.014907 
 758.397075   0.538462   0.014907 
 758.397075   0.536170   0.014907 
 753.579169   0.538136   0.014907 
 753.447276   0.540084   0.014907 
 753.785747   0.542017   0.014907 
 753.785747   0.539749   0.014907 
 750.615905   0.541667   0.014907 
 750.228101   0.543568   0.014907 
 750.026717   0.545455   0.014907 
 747.852895   0.547325   0.014907 
 747.094541   0.549180   0.014907 
 747.094541   0.546939   0.014907 
 747.094541   0.544715   0.014907 
 747.094541   0.542510   0.014907 
 747.094541   0.540323   0.014907 
 747.762740   0.542169   0.014907 
 745.518534   0.544000   0.014907 
 735.890905   0.545817   0.014907 
 735.018457   0.547619   0.014907 
 734.220890   0.549407   0.014907 
 734.759330   0.551181   0.014907 
 734.759330   0.549020   0.014907 
 734.759330   0.546875   0.014907 
 734.759330   0.544747   0.014907 
 734.759330   0.542636   0.014907 
 734.759330   0.540541   0.014907 
 718.478035   0.542308   0.014907 
 715.710642   0.544061   0.014907 
 715.444740   0.545802   0.014907 
 715.675505   0.547529   0.014907 
 709.491770   0.549242   0.014907 
 709.026316   0.550943   0.014907 
 709.026316   0.548872   0.014907 
 706.942602   0.550562   0.014907 
 706.942602   0.548507   0.014907 
 706.942602   0.546468   0.014907 
 706.942602   0.544444   0.014907 
 706.942602   0.542435   0.014907 
 706.942602   0.540441   0.014907 
 706.942602   0.538462   0.014907 
 706.942602   0.536496   0.014907 
 706.942602   0.534545   0.014907 
 694.668495   0.536232   0.014907 
 694.668495   0.534296   0.014907 
 685.152240   0.535971   0.014907 
 685.152240   0.534050   0.014907 
 685.152240   0.532143   0.014907 
 684.262339   0.533808   0.014907 
 684.262339   0.531915   0.014907 
 671.347691   0.533569   0.014907 
 671.347691   0.531690   0.014907 
 669.757610   0.533333   0.014907 
 669.583328   0.534965   0.014907 
 669.583328   0.533101   0.014907 
 669.507877   0.534722   0.014907 
 669.507877   0.532872   0.014907 
 665.445725   0.534483   0.014907 
 665.445725   0.532646   0.014907 
 661.311006   0.534247   0.014907 
 658.181384   0.535836   0.014907 
 658.468424   0.537415   0.014907 
 645.982980   0.538983   0.014907 
 645.982980   0.537162   0.014907 
 645.982980   0.535354   0.014907 
 645.982980   0.533557   0.014907 
 644.886442   0.535117   0.014907 
 633.632382   0.536667   0.014907 
 635.113998   0.538206   0.014907 
 634.939380   0.539735   0.014907 
 634.939380   0.537954   0.014907 
 634.939380   0.536184   0.014907 
 634.939380   0.534426   0.014907 
 635.854009   0.535948   0.014907 
 635.854009   0.534202   0.014907 
 635.380355   0.535714   0.014907 
 635.380355   0.533981   0.014907 
 630.616761   0.535484   0.014907 
 629.969388   0.536977   0.014907 
 629.969388   0.535256   0.014907 
 629.837772   0.536741   0.014907 
 629.837772   0.535032   0.014907 
 629.837772   0.533333   0.014907 
 629.837772   0.531646   0.014907 
 626.749234   0.533123   0.014907 
 626.749234   0.531447   0.014907 
 626.749234   0.529781   0.014907 
 621.144635   0.531250   0.014907 
 621.144635   0.529595   0.014907 
 621.144635   0.527950   0.014907 
 614.870521   0.529412   0.014907 
 612.965031   0.530864   0.014907 
 600.552490   0.532308   0.014907 
 600.645907   0.533742   0.014907 
 599.736804   0.535168   0.014907 
 597.616510   0.536585   0.014907 
 597.616510   0.534954   0.014907 
 591.847416   0.536364   0.014907 
 591.847416   0.534743   0.014907 
 591.847416   0.533133   0.014907 
 586.127868   0.534535   0.014907 
 583.948704   0.535928   0.014907 
 583.921820   0.537313   0.014907 
 577.798256   0.538690   0.014907 
 576.513626   0.540059   0.014907 
 575.988518   0.541420   0.014907 
 575.988518   0.539823   0.014907 
 577.602646   0.541176   0.014907 
 577.607816   0.542522   0.014907 
 569.150236   0.543860   0.014907 
 569.150236   0.542274   0.014907 
 565.046001   0.543605   0.014907 
 558.408515   0.544928   0.014907 
 558.408515   0.543353   0.014907 
 558.408515   0.541787   0.014907 
 552.661329   0.543103   0.014907 
 552.472546   0.544413   0.014907 
 552.377255   0.545714   0.014907 
 552.377255   0.544160   0.014907 
 552.377255   0.542614   0.014907 
 552.377255   0.541076   0.014907 
 552.377255   0.539548   0.014907 
 551.584741   0.540845   0.014907 
 549.834337   0.542135   0.014907 
 550.128931   0.543417   0.014907 
 550.128931   0.541899   0.014907 
 550.128931   0.540390   0.014907 
 550.128931   0.538889   0.014907 
 550.128931   0.537396   0.014907 
 550.128931   0.535912   0.014907 
 550.128931   0.534435   0.014907 
 548.807601   0.535714   0.014907 
 548.173622   0.536986   0.014907 
 548.173622   0.535519   0.014907 
 535.537429   0.536785   0.014907 
 532.580865   0.538043   0.014907 
 532.290879   0.539295   0.014907 
 532.290879   0.537838   0.014907 
 531.617426   0.539084   0.014907 
 518.482897   0.540323   0.014907 
 518.482897   0.538874   0.014907 
 518.482897   0.537433   0.014907 
 517.027082   0.538667   0.014907 
 517.027082   0.537234   0.014907 
 517.027082   0.535809   0.014907 
 514.050424   0.537037   0.014907 
 514.050424   0.535620   0.014907 
 514.050424   0.534211   0.014907 
 514.050424   0.532808   0.014907 
 514.050424   0.531414   0.014907 
 514.253231   0.532637   0.014907 
 513.123226   0.533854   0.014907 
 511.022963   0.535065   0.014907 
 505.390340   0.536269   0.014907 
 505.390340   0.534884   0.014907 
 505.390340   0.533505   0.014907 
 505.390340   0.532134   0.014907 
 505.390340   0.530769   0.014907 
 507.162850   0.531969   0.014907 
 507.162850   0.530612   0.014907 
 507.162850   0.529262   0.014907 
 507.162850   0.527919   0.014907 
 503.144164   0.529114   0.014907 
 503.144164   0.527778   0.014907 
 503.148043   0.528967   0.014907 
 503.148043   0.527638   0.014907 
 502.255432   0.528822   0.014907 
 502.691924   0.530000   0.014907 
 502.691924   0.528678   0.014907 
 502.691924   0.527363   0.014907 
 495.306088   0.528536   0.014907 
 495.306088   0.527228   0.014907 
 495.306088   0.525926   0.014907 
 495.306088   0.524631   0.014907 
 492.986686   0.525799   0.014907 
 489.005178   0.526961   0.014907 
 489.005178   0.525672   0.014907 
 488.749873   0.526829   0.014907 
 488.749873   0.525547   0.014907 
 480.313900   0.526699   0.014907 
 480.313900   0.525424   0.014907 
 479.456747   0.526570   0.014907 
 479.456747   0.525301   0.014907 
 479.456747   0.524038   0.014907 
 473.847444   0.525180   0.014907 
 473.847444   0.523923   0.014907 
 472.077189   0.525060   0.014907 
 472.013907   0.526190   0.014907 
 472.013907   0.524941   0.014907 
 472.857539   0.526066   0.014907 
 466.353043   0.527187   0.014907 
 463.935183   0.528302   0.014907 
 463.935183   0.527059   0.014907 
 463.935183   0.525822   0.014907 
 458.220119   0.526932   0.014907 
 458.220119   0.525701   0.014907 
 458.220119   0.524476   0.014907 
 456.730189   0.525581   0.014907 
 456.319946   0.526682   0.014907 
 456.129335   0.527778   0.014907 
 453.423243   0.528868   0.014907 
 452.259164   0.529954   0.014907 
 452.259164   0.528736   0.014907 
 452.549414   0.529817   0.014907 
 437.438607   0.530892   0.014907 
 437.438607   0.529680   0.014907 
 438.245238   0.530752   0.014907 
 428.216126   0.531818   0.014907 
 427.279348   0.532880   0.014907 
 426.246767   0.533937   0.014907 
 420.716695   0.534989   0.014907 
 420.716695   0.533784   0.014907 
 420.716695   0.532584   0.014907 
 415.459811   0.533632   0.014907 
 415.459811   0.532438   0.014907 
 415.459811   0.531250   0.014907 
 415.377387   0.532294   0.014907 
 411.018615   0.533333   0.014907 
 411.018615   0.532151   0.014907 
 411.018615   0.530973   0.014907 
 410.476086   0.532009   0.014907 
 409.163530   0.533040   0.014907 
 409.437056   0.534066   0.014907 
 409.437056   0.532895   0.014907 
 408.255918   0.533917   0.014907 
 408.255918   0.532751   0.014907 
 406.109572   0.533769   0.014907 
 406.109572   0.532609   0.014907 
 406.109572   0.531453   0.014907 
 401.028268   0.532468   0.014907 
 399.191898   0.533477   0.014907 
 398.339385   0.534483   0.014907 
 395.788965   0.535484   0.014907 
 393.280859   0.536481   0.014907 
 393.280859   0.535332   0.014907 
 393.280859   0.534188   0.014907 
 391.674520   0.535181   0.014907 
 384.312696   0.536170   0.014907 
 384.312696   0.535032   0.014907 
 383.844078   0.536017   0.014907 
 383.844078   0.534884   0.014907 
 383.844078   0.533755   0.014907 
 384.183657   0.534737   0.014907 
 385.477654   0.535714   0.014907 
 385.477654   0.534591   0.014907 
 385.477654   0.533473   0.014907 
 382.168887   0.534447   0.014907 
 382.304565   0.535417   0.014907 
 382.304565   0.534304   0.014907 
 380.658744   0.535270   0.014907 
 380.658744   0.534161   0.014907 
 381.090347   0.535124   0.014907 
 373.440191   0.536082   0.014907 
 373.440191   0.534979   0.014907 
 372.231885   0.535934   0.014907 
 369.418337   0.536885   0.014907 
 366.133748   0.537832   0.014907 
 366.133748   0.536735   0.014907 
 364.581638   0.537678   0.014907 
 363.195110   0.538618   0.014907 
 361.335881   0.539554   0.014907 
 357.174312   0.540486   0.014907 
 359.171544   0.541414   0.014907 
 359.171544   0.540323   0.014907 
 359.171544   0.539235   0.014907 
 356.433719   0.540161   0.014907 
 356.433719   0.539078   0.014907 
 356.433719   0.538000   0.014907 
 350.282570   0.538922   0.014907 
 350.282570   0.537849   0.014907 
 350.282570   0.536779   0.014907 
 341.131606   0.537698   0.014907 
 342.781025   0.538614   0.014907 
 339.960482   0.539526   0.014907 
 333.440620   0.540434   0.014907 
 333.440620   0.539370   0.014907 
 333.440620   0.538310   0.014907 
 333.093165   0.539216   0.014907 
 332.731744   0.540117   0.014907 
 332.731744   0.539062   0.014907 
 330.931092   0.539961   0.014907 
 329.661754   0.540856   0.014907 
 329.243782   0.541748   0.014907 
 327.920267   0.542636   0.014907 
 327.790234   0.543520   0.014907 
 327.047786   0.544402   0.014907 
 325.868398   0.545279   0.014907 
 325.868398   0.544231   0.014907 
 322.250933   0.545106   0.014907 
 321.590880   0.545977   0.014907 
 321.590880   0.544933   0.014907 
 321.258137   0.545802   0.014907 
 321.759987   0.546667   0.014907 
 321.759987   0.545627   0.014907 
 316.434669   0.546490   0.014907 
 316.434669   0.545455   0.014907 
 316.612180   0.546314   0.014907 
 316.612180   0.545283   0.014907 
 316.612180   0.544256   0.014907 
 316.262733   0.545113   0.014907 
 315.083576   0.545966   0.014907 
 315.083576   0.544944   0.014907 
 312.052020   0.545794   0.014907 
 311.654185   0.546642   0.014907 
 309.803812   0.547486   0.014907 
 309.803812   0.546468   0.014907 
 309.803812   0.545455   0.014907 
 309.803812   0.544444   0.014907 
 307.078572   0.545287   0.014907 
 306.234575   0.546125   0.014907 
 309.699725   0.546961   0.014907 
 302.001330   0.547794   0.014907 
 302.001330   0.546789   0.014907 
 301.567390   0.547619   0.014907 
 300.683133   0.548446   0.014907 
 296.022082   0.549270   0.014907 
 296.135947   0.550091   0.014907 
 292.130103   0.550909   0.014907 
 291.875571   0.551724   0.014907 
 291.875571   0.550725   0.014907 
 292.249331   0.551537   0.014907 
 292.249331   0.550542   0.014907 
 292.249331   0.549550   0.014907 
 290.123899   0.550360   0.014907 
 290.123899   0.549372   0.014907 
 286.310583   0.550179   0.014907 
 282.452079   0.550984   0.014907 
 282.950890   0.551786   0.014907 
 282.892347   0.552585   0.014907 
 282.468291   0.553381   0.014907 
 284.872991   0.554174   0.014907 
 284.872991   0.553191   0.014907 
 284.860082   0.553982   0.014907 
 284.860082   0.553004   0.014907 
 285.406819   0.553792   0.014907 
 285.372208   0.554577   0.014907 
 285.372208   0.553603   0.014907 
 285.372208   0.552632   0.014907 
 284.090049   0.553415   0.014907 
 276.451358   0.554196   0.014907 
 276.451358   0.553229   0.014907 
 274.980606   0.554007   0.014907 
 277.887448   0.554783   0.014907 
 277.492354   0.555556   0.014907 
 275.001876   0.556326   0.014907 
 275.001876   0.555363   0.014907 
 275.001876   0.554404   0.014907 
 271.987074   0.555172   0.014907 
 269.604167   0.555938   0.014907 
 267.957879   0.556701   0.014907 
 267.957879   0.555746   0.014907 
 265.368013   0.556507   0.014907 
 266.149932   0.557265   0.014907 
 266.894324   0.558020   0.014907 
 266.980799   0.558773   0.014907 
 266.980799   0.557823   0.014907 
 266.980799   0.556876   0.014907 
 266.997379   0.557627   0.014907 
 266.997379   0.556684   0.014907 
 266.997379   0.555743   0.014907 
 260.087752   0.556492   0.014907 
 260.087752   0.555556   0.014907 
 260.087752   0.554622   0.014907 
 259.428227   0.555369   0.014907 
 255.252685   0.556114   0.014907 
 254.290704   0.556856   0.014907 
 254.290704   0.555927   0.014907 
 252.666347   0.556667   0.014907 
 252.666347   0.555740   0.014907 
 252.744742   0.556478   0.014907 
 251.086168   0.557214   0.014907 
 241.370543   0.557947   0.014907 
 240.021160   0.558678   0.014907 
 240.021160   0.557756   0.014907 
 240.021160   0.556837   0.014907 
 240.523958   0.557566   0.014907 
 240.523958   0.556650   0.014907 
 240.523958   0.555738   0.014907 
 240.236960   0.556465   0.014907 
 235.022192   0.557190   0.014907 
 235.022192   0.556281   0.014907 
 235.771230   0.557003   0.014907 
 235.771230   0.556098   0.014907 
 234.913495   0.556818   0.014907 
 234.019311   0.557536   0.014907 
 234.019311   0.556634   0.014907 
 234.019311   0.555735   0.014907 
 234.019311   0.554839   0.014907 
 232.856487   0.555556   0.014907 
 232.856487   0.554662   0.014907 
 231.162457   0.555377   0.014907 
 231.162457   0.554487   0.014907 
 231.162457   0.553600   0.014907 
 231.162457   0.552716   0.014907 
 229.653453   0.553429   0.014907 
 226.906745   0.554140   0.014907 
 226.906745   0.553259   0.014907 
 229.337521   0.553968   0.014907 
 224.145266   0.554675   0.014907 
 220.156100   0.555380   0.014907 
 220.156100   0.554502   0.014907 
 220.156100   0.553628   0.014907 
 220.156100   0.552756   0.014907 
 219.486585   0.553459   0.014907 
 219.951787   0.554160   0.014907 
 219.951787   0.553292   0.014907 
 219.951787   0.552426   0.014907 
 219.796910   0.553125   0.014907 
 218.495991   0.553822   0.014907 
 218.495991   0.552960   0.014907 
 217.113549   0.553655   0.014907 
 215.555896   0.554348   0.014907 
 215.555896   0.553488   0.014907 
 214.668110   0.554180   0.014907 
 214.441656   0.554869   0.014907 
 214.441656   0.554012   0.014907 
 213.176233   0.554700   0.014907 
 212.203782   0.555385   0.014907 
 212.203782   0.554531   0.014907 
 211.762005   0.555215   0.014907 
 211.762005   0.554364   0.014907 
 210.585651   0.555046   0.014907 
 209.473379   0.555725   0.014907 
 209.473379   0.554878   0.014907 
 207.823696   0.555556   0.014907 
 207.823696   0.554711   0.014907 
 207.823696   0.553869   0.014907 
 207.823696   0.553030   0.014907 
 207.823696   0.552194   0.014907 
 207.981679   0.552870   0.014907 
 207.981679   0.552036   0.014907 
 203.055257   0.552711   0.014907 
 203.055257   0.551880   0.014907 
 200.876816   0.552553   0.014907 
 200.876816   0.551724   0.014907 
 197.027801   0.552395   0.014907 
 197.027801   0.551570   0.014907 
 193.179837   0.552239   0.014907 
 193.179837   0.551416   0.014907 
 192.820758   0.552083   0.014907 
 192.820758   0.551263   0.014907 
 183.320501   0.551929   0.014907 
 183.320501   0.551111   0.014907 
 180.805612   0.551775   0.014907 
 178.824985   0.552437   0.014907 
 179.297839   0.553097   0.014907 
 178.241400   0.553756   0.014907 
 170.669859   0.554412   0.014907 
 168.683567   0.555066   0.014907 
 166.939701   0.555718   0.014907 
 166.843847   0.556369   0.014907 
 166.843847   0.555556   0.014907 
 166.843847   0.554745   0.014907 
 166.843847   0.553936   0.014907 
 166.843847   0.553130   0.014907 
 166.843847   0.552326   0.014907 
 157.804448   0.552975   0.014907 
 157.544516   0.553623   0.014907 
 157.544516   0.552822   0.014907 
 159.075853   0.553468   0.014907 
 159.266051   0.554113   0.014907 
 158.491828   0.554755   0.014907 
 157.353233   0.555396   0.014907 
 157.009160   0.556034   0.014907 
 157.009160   0.555237   0.014907 
 157.009160   0.554441   0.014907 
 155.271554   0.555079   0.014907 
 155.271554   0.554286   0.014907 
 155.721249   0.554922   0.014907 
 154.577219   0.555556   0.014907 
 155.613594   0.556188   0.014907 
 155.613594   0.555398   0.014907 
 158.290426   0.556028   0.014907 
 157.796906   0.556657   0.014907 
 157.168383   0.557284   0.014907 
 155.591234   0.557910   0.014907 
 156.929501   0.558533   0.014907 
 155.859582   0.559155   0.014907 
 155.859582   0.558368   0.014907 
 154.586536   0.558989   0.014907 
 155.146017   0.559607   0.014907 
 155.146017   0.558824   0.014907 
 155.146017   0.558042   0.014907 
 155.146017   0.557263   0.014907 
 151.609270   0.557880   0.014907 
 150.740773   0.558496   0.014907 
 150.740773   0.557719   0.014907 
 147.310738   0.558333   0.014907 
 145.928303   0.558946   0.014907 
 145.928303   0.558172   0.014907 
 144.683129   0.558783   0.014907 
 145.103730   0.559392   0.014907 
 145.103730   0.558621   0.014907 
 145.103730   0.557851   0.014907 
 145.103730   0.557084   0.014907 
 145.622441   0.557692   0.014907 
 145.538110   0.558299   0.014907 
 145.538110   0.557534   0.014907 
 144.762029   0.558140   0.014907 
 143.981320   0.558743   0.014907 
 143.981320   0.557981   0.014907 
 141.071229   0.558583   0.014907 
 140.728078   0.559184   0.014907 
 140.728078   0.558424   0.014907 
 134.077684   0.559023   0.014907 
 134.233799   0.559621   0.014907 
 134.233799   0.558863   0.014907 
 133.842760   0.559459   0.014907 
 133.842760   0.558704   0.014907 
 133.842760   0.557951   0.014907 
 133.678646   0.558546   0.014907 
 129.638243   0.559140   0.014907 
 129.638243   0.558389   0.014907 
 127.768193   0.558981   0.014907 
 127.768193   0.558233   0.014907 
 127.768193   0.557487   0.014907 
 126.578893   0.558077   0.014907 
 126.139988   0.558667   0.014907 
 125.670463   0.559254   0.014907 
 124.983553   0.559840   0.014907 
 124.623759   0.560425   0.014907 
 124.623759   0.559682   0.014907 
 124.832433   0.560265   0.014907 
 124.080476   0.560847   0.014907 
 122.946566   0.561427   0.014907 
 122.946566   0.560686   0.014907 
 122.946566   0.559947   0.014907 
 121.578703   0.560526   0.014907 
 120.794648   0.561104   0.014907 
 120.200338   0.561680   0.014907 
 120.200338   0.560944   0.014907 
 115.883178   0.561518   0.014907 
 114.101530   0.562092   0.014907 
 114.101530   0.561358   0.014907 
 111.220084   0.561930   0.014907 
 112.383794   0.562500   0.014907 
 112.383794   0.561769   0.014907 
 113.730922   0.562338   0.014907 
 113.355940   0.562905   0.014907 
 113.355940   0.562176   0.014907 
 112.761894   0.562743   0.014907 
 109.301112   0.563307   0.014907 
 108.218086   0.563871   0.014907 
 108.218086   0.563144   0.014907 
 108.218086   0.562420   0.014907 
 109.043277   0.562982   0.014907 
 109.043277   0.562259   0.014907 
 107.178582   0.562821   0.014907 
 106.229351   0.563380   0.014907 
 106.229351   0.562660   0.014907 
 103.855077   0.563218   0.014907 
 103.654918   0.563776   0.014907 
 101.434619   0.564331   0.014907 
 101.619486   0.564885   0.014907 
  99.920850   0.565438   0.014907 
  99.068515   0.565990   0.014907 
  98.424261   0.566540   0.014907 
  98.130725   0.567089   0.014907 
  98.130725   0.566372   0.014907 
  95.948198   0.566919   0.014907 
  97.811061   0.567465   0.014907 
  95.733760   0.568010   0.014907 
  93.496410   0.568553   0.014907 
  93.536245   0.569095   0.014907 
  93.536245   0.568381   0.014907 
  93.536245   0.567669   0.014907 
  93.510903   0.568210   0.014907 
  93.510903   0.567500   0.014907 
  93.531815   0.568040   0.014907 
  93.531815   0.567332   0.014907 
  93.531815   0.566625   0.014907 
  92.986162   0.567164   0.014907 
  93.293349   0.567702   0.014907 
  94.483741   0.568238   0.014907 
  94.851719   0.568773   0.014907 
  92.721143   0.569307   0.014907 
  92.158152   0.569839   0.014907 
  92.158152   0.569136   0.014907 
  92.354099   0.569667   0.014907 
  90.395776   0.570197   0.014907 
  90.790838   0.570726   0.014907 
  91.788473   0.571253   0.014907 
  90.760161   0.571779   0.014907 
  93.106110   0.572304   0.014907 
  94.926398   0.572827   0.014907 
  93.058232   0.573350   0.014907 
  93.058232   0.572650   0.014907 
  91.098598   0.573171   0.014907 
  90.967211   0.573691   0.014907 
  90.967211   0.572993   0.014907 
  90.726577   0.573512   0.014907 
  90.938792   0.574029   0.014907 
  91.349517   0.574545   0.014907 
  90.229867   0.575061   0.014907 
  90.229867   0.574365   0.014907 
  90.229867   0.573671   0.014907 
  88.160819   0.574186   0.014907 
  87.853469   0.574699   0.014907 
  87.328232   0.575211   0.014907 
  84.412410   0.575721   0.014907 
  84.412410   0.575030   0.014907 
  83.924656   0.575540   0.014907 
  83.924656   0.574850   0.014907 
  83.924656   0.574163   0.014907 
  83.924656   0.573477   0.014907 
  84.437882   0.573986   0.014907 
  83.015918   0.574493   0.014907 
  82.989212   0.575000   0.014907 
  82.989212   0.574316   0.014907 
  82.989212   0.573634   0.014907 
  82.736893   0.574140   0.014907 
  82.843294   0.574645   0.014907 
  82.843294   0.573964   0.014907 
  82.843294   0.573286   0.014907 
  82.843294   0.572609   0.014907 
  83.038079   0.573113   0.014907 
  83.038079   0.572438   0.014907 
  83.038079   0.571765   0.014907 
  83.575655   0.572268   0.014907 
  84.005645   0.572770   0.014907 
  84.005645   0.572098   0.014907 
  84.607505   0.572600   0.014907 
  84.649466   0.573099   0.014907 
  84.335565   0.573598   0.014907 
  84.335565   0.572929   0.014907 
  84.335565   0.572261   0.014907 
  84.289623   0.572759   0.014907 
  83.779884   0.573256   0.014907 
  83.751131   0.573751   0.014907 
  80.384048   0.574246   0.014907 
  80.151376   0.574739   0.014907 
  81.543075   0.575231   0.014907 
  81.543075   0.574566   0.014907 
  81.543075   0.573903   0.014907 
  82.061749   0.574394   0.014907 
  81.459123   0.574885   0.014907 
  81.952058   0.575374   0.014907 
  78.791126   0.575862   0.014907 
  78.791126   0.575201   0.014907 
  78.994298   0.575688   0.014907 
  78.994298   0.575029   0.014907 
  78.994298   0.574371   0.014907 
  79.795308   0.574857   0.014907 
  79.980966   0.575342   0.014907 
  80.398379   0.575827   0.014907 
  80.429269   0.576310   0.014907 
  80.429269   0.575654   0.014907 
  81.012166   0.576136   0.014907 
  79.743632   0.576617   0.014907 
  79.953284   0.577098   0.014907 
  79.953284   0.576444   0.014907 
  79.720573   0.576923   0.014907 
  79.715809   0.577401   0.014907 
  80.676636   0.577878   0.014907 
  80.676636   0.577227   0.014907 
  80.676636   0.576577   0.014907 
  80.967939   0.577053   0.014907 
  80.921317   0.577528   0.014907 
  79.814453   0.578002   0.014907 
  79.814453   0.577354   0.014907 
  79.517996   0.577828   0.014907 
  78.651605   0.578300   0.014907 
  79.302812   0.578771   0.014907 
  79.302812   0.578125   0.014907 
  79.302829   0.578595   0.014907 
  79.302829   0.577951   0.014907 
  79.734608   0.578420   0.014907 
  79.734608   0.577778   0.014907 
  79.734608   0.577137   0.014907 
  79.734608   0.576497   0.014907 
  79.444820   0.576966   0.014907 
  79.444820   0.576327   0.014907 
  79.444820   0.575691   0.014907 
  78.839781   0.576159   0.014907 
  79.584315   0.576626   0.014907 
  76.813471   0.577093   0.014907 
  76.177487   0.577558   0.014907 
  75.735429   0.578022   0.014907 
  75.735429   0.577387   0.014907 
  76.262827   0.577851   0.014907 
  76.895720   0.578313   0.014907 
  76.895720   0.577681   0.014907 
  77.526131   0.578142   0.014907 
  78.373683   0.578603   0.014907 
  78.718495   0.579062   0.014907 
  78.471485   0.579521   0.014907 
  77.650775   0.579978   0.014907 
  77.650775   0.579348   0.014907 
  77.650775   0.578719   0.014907 
  77.535136   0.579176   0.014907 
  77.535136   0.578548   0.014907 
  74.827978   0.579004   0.014907 
  70.939023   0.579459   0.014907 
  69.104986   0.579914   0.014907 
  68.469904   0.580367   0.014907 
  68.469904   0.579741   0.014907 
  66.498717   0.580194   0.014907 
  64.836738   0.580645   0.014907 
  65.350123   0.581096   0.014907 
  67.123771   0.581545   0.014907 
  68.725627   0.581994   0.014907 
  68.078087   0.582441   0.014907 
  66.137078   0.582888   0.014907 
  66.137078   0.582265   0.014907 
  68.071938   0.582711   0.014907 
  68.724127   0.583156   0.014907 
  68.724127   0.582535   0.014907 
  67.912693   0.582979   0.014907 
  68.116928   0.583422   0.014907 
  68.306372   0.583864   0.014907 
  68.501473   0.584305   0.014907 
  68.356638   0.584746   0.014907 
  68.242593   0.585185   0.014907 
  68.242593   0.584567   0.014907 
  68.242593   0.583949   0.014907 
  68.242593   0.583333   0.014907 
  67.033242   0.583772   0.014907 
  66.591195   0.584211   0.014907 
  65.670358   0.584648   0.014907 
  61.221546   0.585084   0.014907 
  61.221546   0.584470   0.014907 
  61.221546   0.583857   0.014907 
  60.312891   0.584293   0.014907 
  59.884000   0.584728   0.014907 
  60.153559   0.585162   0.014907 
  60.153559   0.584551   0.014907 
  59.786709   0.584984   0.014907 
  59.786709   0.584375   0.014907 
  59.019450   0.584807   0.014907 
  58.428314   0.585239   0.014907 
  58.116903   0.585670   0.014907 
  55.936420   0.586100   0.014907 
  51.485403   0.586528   0.014907 
  51.138677   0.586957   0.014907 
  51.138677   0.586350   0.014907 
  51.138677   0.585744   0.014907 
  51.138677   0.585139   0.014907 
  50.931917   0.585567   0.014907 
  51.252399   0.585994   0.014907 
  52.522509   0.586420   0.014907 
  51.444451   0.586845   0.014907 
  51.444451   0.586242   0.014907 
  51.379406   0.586667   0.014907 
  51.379406   0.586066   0.014907 
  51.379406   0.585466   0.014907 
  51.379406   0.584867   0.014907 
  49.554277   0.585291   0.014907 
  49.554277   0.584694   0.014907 
  49.648302   0.585117   0.014907 
  49.225047   0.585540   0.014907 
  49.093109   0.585961   0.014907 
  49.093109   0.585366   0.014907 
  49.941854   0.585787   0.014907 
  49.941854   0.585193   0.014907 
  48.113406   0.585613   0.014907 
  47.888864   0.586032   0.014907 
  47.995448   0.586451   0.014907 
  48.740010   0.586869   0.014907 
  47.555701   0.587286   0.014907 
  47.555701   0.586694   0.014907 
  47.555701   0.586103   0.014907 
  48.103454   0.586519   0.014907 
  48.103454   0.585930   0.014907 
  48.103454   0.585341   0.014907 
  48.248850   0.585757   0.014907 
  48.248850   0.585170   0.014907 
  48.248850   0.584585   0.014907 
  48.248850   0.584000   0.014907 
  47.173629   0.584416   0.014907 
  47.666083   0.584830   0.014907 
  46.922118   0.585244   0.014907 
  47.119865   0.585657   0.014907 
  43.718743   0.586070   0.014907 
  43.718743   0.585487   0.014907 
  42.624464   0.585899   0.014907 
  42.505821   0.586310   0.014907 
  42.505821   0.585728   0.014907 
  43.967076   0.586139   0.014907 
  44.302157   0.586548   0.014907 
  41.934857   0.586957   0.014907 
  41.934857   0.586377   0.014907 
  42.965001   0.586785   0.014907 
  42.614026   0.587192   0.014907 
  43.060264   0.587598   0.014907 
  43.060264   0.587021   0.014907 
  43.302280   0.587426   0.014907 
  43.302280   0.586850   0.014907 
  43.641250   0.587255   0.014907 
  43.641250   0.586680   0.014907 
  43.641250   0.586106   0.014907 
  43.426854   0.586510   0.014907 
  45.169522   0.586914   0.014907 
  45.169522   0.586341   0.014907 
  45.169522   0.585770   0.014907 
  45.169522   0.585200   0.014907 
  44.314633   0.585603   0.014907 
  43.419456   0.586006   0.014907 
  43.453877   0.586408   0.014907 
  42.596339   0.586809   0.014907 
  42.386479   0.587209   0.014907 
  42.386479   0.586641   0.014907 
  42.111237   0.587041   0.014907 
  42.741940   0.587440   0.014907 
  41.881870   0.587838   0.014907 
  41.881870   0.587271   0.014907 
  42.113849   0.587669   0.014907 
  42.113849   0.587103   0.014907 
  42.197873   0.587500   0.014907 
  42.309098   0.587896   0.014907 
  42.309098   0.587332   0.014907 
  42.309098   0.586769   0.014907 
  42.309098   0.586207   0.014907 
  42.309098   0.585646   0.014907 
  42.727448   0.586042   0.014907 
  41.838124   0.586437   0.014907 
  41.838124   0.585878   0.014907 
  42.977361   0.586273   0.014907 
  42.879758   0.586667   0.014907 
  42.879758   0.586108   0.014907 
  42.879758   0.585551   0.014907 
  42.879758   0.584995   0.014907 
  42.574123   0.585389   0.014907 
  42.750682   0.585782   0.014907 
  42.750682   0.585227   0.014907 
  42.750682   0.584674   0.014907 
  42.474401   0.585066   0.014907 
  42.474401   0.584514   0.014907 
  41.898821   0.584906   0.014907 
  41.898821   0.584354   0.014907 
  40.196009   0.584746   0.014907 
  38.286875   0.585136   0.014907 
  38.286875   0.584586   0.014907 
  38.286875   0.584038   0.014907 
  38.286875   0.583490   0.014907 
  38.286875   0.582943   0.014907 
  38.249273   0.583333   0.014907 
  38.249273   0.582788   0.014907 
  38.433238   0.583178   0.014907 
  38.433238   0.582633   0.014907 
  37.980856   0.583022   0.014907 
  38.730487   0.583411   0.014907 
  38.690475   0.583799   0.014907 
  38.828758   0.584186   0.014907 
  36.018294   0.584572   0.014907 
  36.066780   0.584958   0.014907 
  36.161734   0.585343   0.014907 
  35.515315   0.585728   0.014907 
  32.927716   0.586111   0.014907 
  32.775522   0.586494   0.014907 
  32.019044   0.586876   0.014907 
  30.829714   0.587258   0.014907 
  30.829714   0.586716   0.014907 
  30.710011   0.587097   0.014907 
  30.710011   0.586556   0.014907 
  30.710011   0.586017   0.014907 
  29.451563   0.586397   0.014907 
  28.775565   0.586777   0.014907 
  29.470705   0.587156   0.014907 
  29.637098   0.587534   0.014907 
  30.889629   0.587912   0.014907 
  30.682742   0.588289   0.014907 
  30.892492   0.588665   0.014907 
  31.223999   0.589041   0.014907 
  32.274482   0.589416   0.014907 
  31.712333   0.589790   0.014907 
  31.712333   0.589253   0.014907 
  31.374327   0.589627   0.014907 
  31.725004   0.590000   0.014907 
  31.350935   0.590372   0.014907 
  31.397425   0.590744   0.014907 
  32.405285   0.591115   0.014907 
  32.405285   0.590580   0.014907 
  32.405285   0.590045   0.014907 
  31.910199   0.590416   0.014907 
  31.910199   0.589883   0.014907 
  31.109568   0.590253   0.014907 
  31.109568   0.589720   0.014907 
  31.109568   0.589189   0.014907 
  31.063498   0.589559   0.014907 
  31.127222   0.589928   0.014907 
  31.127222   0.589398   0.014907 
  31.127222   0.588869   0.014907 
  31.127222   0.588341   0.014907 
  29.950413   0.588710   0.014907 
  30.613189   0.589078   0.014907 
  29.099897   0.589445   0.014907 
  29.099897   0.588919   0.014907 
  29.099897   0.588393   0.014907 
  29.099897   0.587868   0.014907 
  29.099897   0.587344   0.014907 
  29.099897   0.586821   0.014907 
  30.711486   0.587189   0.014907 
  30.711486   0.586667   0.014907 
  30.885550   0.587034   0.014907 
  31.599360   0.587400   0.014907 
  31.599360   0.586879   0.014907 
  32.015823   0.587245   0.014907 
  33.427587   0.587611   0.014907 
  33.427587   0.587091   0.014907 
  33.427587   0.586572   0.014907 
  32.296179   0.586937   0.014907 
  31.686928   0.587302   0.014907 
  31.686928   0.586784   0.014907 
  31.620528   0.587148   0.014907 
  31.620528   0.586631   0.014907 
  29.800165   0.586995   0.014907 
  28.333568   0.587357   0.014907 
  27.856893   0.587719   0.014907 
  27.657220   0.588081   0.014907 
  26.738397   0.588441   0.014907 
  25.842074   0.588801   0.014907 
  25.370361   0.589161   0.014907 
  25.370361   0.588646   0.014907 
  25.936596   0.589005   0.014907 
  25.936596   0.588492   0.014907 
  25.729378   0.588850   0.014907 
  25.729378   0.588338   0.014907 
  25.729378   0.587826   0.014907 
  25.646874   0.588184   0.014907 
  26.593212   0.588542   0.014907 
  26.593212   0.588031   0.014907 
  26.112782   0.588388   0.014907 
  26.112782   0.587879   0.014907 
  26.112782   0.587370   0.014907 
  25.341534   0.587727   0.014907 
  25.341534   0.587219   0.014907 
  25.219187   0.587575   0.014907 
  25.098249   0.587931   0.014907 
  25.009911   0.588286   0.014907 
  24.676766   0.588640   0.014907 
  24.676766   0.588134   0.014907 
  24.676766   0.587629   0.014907 
  24.676766   0.587124   0.014907 
  24.074620   0.587479   0.014907 
  23.467176   0.587832   0.014907 
  23.412823   0.588185   0.014907 
  23.412823   0.587682   0.014907 
  23.412823   0.587179   0.014907 
  25.400919   0.587532   0.014907 
  25.400919   0.587031   0.014907 
  25.400919   0.586530   0.014907 
  24.706876   0.586882   0.014907 
  24.706876   0.586383   0.014907 
  24.626060   0.586735   0.014907 
  23.995931   0.587086   0.014907 
  23.831224   0.587436   0.014907 
  23.831224   0.586938   0.014907 
  23.831224   0.586441   0.014907 
  23.627242   0.586791   0.014907 
  23.510454   0.587140   0.014907 
  23.595889   0.587489   0.014907 
  23.504393   0.587838   0.014907 
  23.366013   0.588186   0.014907 
  23.366013   0.587690   0.014907 
  22.725670   0.588037   0.014907 
  23.603488   0.588384   0.014907 
  23.603488   0.587889   0.014907 
  23.603488   0.587395   0.014907 
  24.178746   0.587741   0.014907 
  25.007605   0.588087   0.014907 
  24.461614   0.588433   0.014907 
  24.461614   0.587940   0.014907 
  24.190109   0.588285   0.014907 
  24.190109   0.587793   0.014907 
  23.248837   0.588137   0.014907 
  22.300163   0.588481   0.014907 
  22.300163   0.587990   0.014907 
  22.510506   0.588333   0.014907 
  22.510506   0.587843   0.014907 
  22.813195   0.588186   0.014907 
  22.335707   0.588529   0.014907 
  21.763083   0.588870   0.014907 
  21.763083   0.588382   0.014907 
  21.419202   0.588723   0.014907 
  21.419202   0.588235   0.014907 
  20.648797   0.588576   0.014907 
  20.388539   0.588916   0.014907 
  20.358372   0.589256   0.014907 
  20.204239   0.589595   0.014907 
  20.204239   0.589109   0.014907 
  20.425238   0.589448   0.014907 
  20.382171   0.589786   0.014907 
  20.382171   0.589300   0.014907 
  19.933364   0.589638   0.014907 
  19.933364   0.589154   0.014907 
  20.077203   0.589491   0.014907 
  19.116873   0.589828   0.014907 
  19.620439   0.590164   0.014907 
  19.620439   0.589681   0.014907 
  19.580648   0.590016   0.014907 
  19.580648   0.589534   0.014907 
  20.018463   0.589869   0.014907 
  20.711825   0.590204   0.014907 
  20.674999   0.590538   0.014907 
  21.130466   0.590872   0.014907 
  21.130466   0.590391   0.014907 
  21.130466   0.589910   0.014907 
  21.130466   0.589431   0.014907 
  21.125145   0.589764   0.014907 
  20.670678   0.590097   0.014907 
  20.570174   0.590430   0.014907 
  19.675837   0.590762   0.014907 
  19.675837   0.590283   0.014907 
  19.961929   0.590615   0.014907 
  20.044654   0.590946   0.014907 
  20.397793   0.591276   0.014907 
  21.042252   0.591606   0.014907 
  21.194738   0.591935   0.014907 
  19.988631   0.592264   0.014907 
  20.604212   0.592593   0.014907 
  20.841774   0.592920   0.014907 
  20.841774   0.592444   0.014907 
  21.392505   0.592771   0.014907 
  20.986875   0.593098   0.014907 
  21.095306   0.593424   0.014907 
  21.095306   0.592949   0.014907 
  21.095306   0.592474   0.014907 
  20.922875   0.592800   0.014907 
  21.417938   0.593125   0.014907 
  21.417938   0.592652   0.014907 
  20.506155   0.592977   0.014907 
  20.506155   0.592504   0.014907 
  21.690066   0.592829   0.014907 
  21.426176   0.593153   0.014907 
  23.435269   0.593477   0.014907 
  23.435269   0.593005   0.014907 
  23.358354   0.593328   0.014907 
  21.295041   0.593651   0.014907 
  21.357476   0.593973   0.014907 
  21.357476   0.593502   0.014907 
  21.357476   0.593032   0.014907 
  20.754620   0.593354   0.014907 
  20.754620   0.592885   0.014907 
  21.133627   0.593207   0.014907 
  20.889705   0.593528   0.014907 
  20.920727   0.593849   0.014907 
  20.893355   0.594169   0.014907 
  21.384084   0.594488   0.014907 
  21.342789   0.594807   0.014907 
  21.342789   0.594340   0.014907 
  21.588117   0.594658   0.014907 
  22.715776   0.594976   0.014907 
  22.639874   0.595294   0.014907 
  22.639874   0.594828   0.014907 
  22.639874   0.594362   0.014907 
  21.518097   0.594679   0.014907 
  21.518097   0.594214   0.014907 
  21.188563   0.594531   0.014907 
  19.993120   0.594848   0.014907 
  20.015818   0.595164   0.014907 
  20.015818   0.594700   0.014907 
  20.153775   0.595016   0.014907 
  20.153775   0.594553   0.014907 
  18.944806   0.594868   0.014907 
  18.944806   0.594406   0.014907 
  18.944806   0.593944   0.014907 
  19.762980   0.594259   0.014907 
  18.099678   0.594574   0.014907 
  17.292046   0.594888   0.014907 
  17.318445   0.595201   0.014907 
  16.629978   0.595514   0.014907 
  16.997652   0.595827   0.014907 
  16.597637   0.596139   0.014907 
  16.597637   0.595679   0.014907 
  16.597637   0.595220   0.014907 
  15.402888   0.595532   0.014907 
  15.544681   0.595843   0.014907 
  15.967393   0.596154   0.014907 
  15.709230   0.596464   0.014907 
  15.840172   0.596774   0.014907 
  15.840172   0.596316   0.014907 
  16.141538   0.596626   0.014907 
  15.939216   0.596935   0.014907 
  16.256022   0.597243   0.014907 
  16.256022   0.596787   0.014907 
  16.590451   0.597095   0.014907 
  16.590451   0.596639   0.014907 
  15.416598   0.596947   0.014907 
  15.637315   0.597254   0.014907 
  15.637315   0.596799   0.014907 
  13.660357   0.597106   0.014907 
  13.660357   0.596651   0.014907 
  13.878234   0.596958   0.014907 
  14.162675   0.597264   0.014907 
  14.256793   0.597570   0.014907 
  14.441720   0.597876   0.014907 
  14.516961   0.598180   0.014907 
  14.516961   0.597727   0.014907 
  15.080768   0.598032   0.014907 
  15.486212   0.598336   0.014907 
  15.628202   0.598639   0.014907 
  15.628202   0.598187   0.014907 
  15.785272   0.598491   0.014907 
  15.785272   0.598039   0.014907 
  15.774550   0.598342   0.014907 
  15.774550   0.597892   0.014907 
  15.774550   0.597442   0.014907 
  15.774550   0.596992   0.014907 
  16.231835   0.597295   0.014907 
  16.468282   0.597598   0.014907 
  16.677635   0.597899   0.014907 
  16.896297   0.598201   0.014907 
  16.896297   0.597753   0.014907 
  16.951009   0.598054   0.014907 
  17.358028   0.598355   0.014907 
  17.358028   0.597907   0.014907 
  17.557062   0.598208   0.014907 
  17.557062   0.597761   0.014907 
  18.437875   0.598061   0.014907 
  18.437875   0.597615   0.014907 
  20.156386   0.597915   0.014907 
  20.156386   0.597470   0.014907 
  20.010267   0.597770   0.014907 
  20.114062   0.598068   0.014907 
  19.395547   0.598367   0.014907 
  19.395547   0.597923   0.014907 
  19.262941   0.598221   0.014907 
  17.767538   0.598519   0.014907 
  17.767538   0.598075   0.014907 
  17.767538   0.597633   0.014907 
  18.041371   0.597931   0.014907 
  18.041371   0.597489   0.014907 
  18.041371   0.597048   0.014907 
  17.578673   0.597345   0.014907 
  17.527520   0.597642   0.014907 
  16.905961   0.597938   0.014907 
  16.905961   0.597498   0.014907 
  16.905961   0.597059   0.014907 
  16.898902   0.597355   0.014907 
  16.853701   0.597651   0.014907 
  17.839503   0.597946   0.014907 
  18.187771   0.598240   0.014907 
  18.187771   0.597802   0.014907 
  18.187771   0.597365   0.014907 
  18.187771   0.596928   0.014907 
  18.187771   0.596491   0.014907 
  18.597574   0.596786   0.014907 
  18.603129   0.597080   0.014907 
  18.576546   0.597374   0.014907 
  18.923235   0.597668   0.014907 
  18.923235   0.597232   0.014907 
  19.081188   0.597525   0.014907 
  18.796415   0.597818   0.014907 
  18.821612   0.598110   0.014907 
  19.041059   0.598402   0.014907 
  20.283331   0.598694   0.014907 
  20.283331   0.598260   0.014907 
  21.000018   0.598551   0.014907 
  21.000018   0.598117   0.014907 
  21.134677   0.598408   0.014907 
  20.862096   0.598698   0.014907 
  20.738096   0.598988   0.014907 
  20.738096   0.598556   0.014907 
  20.738096   0.598124   0.014907 
  21.008738   0.598414   0.014907 
  20.698406   0.598703   0.014907 
  21.246792   0.598992   0.014907 
  21.246792   0.598561   0.014907 
  21.246792   0.598131   0.014907 
  21.246792   0.597701   0.014907 
  21.295251   0.597990   0.014907 
  21.345143   0.598278   0.014907 
  21.345143   0.597849   0.014907 
  21.345143   0.597421   0.014907 
  21.345143   0.596994   0.014907 
  22.026801   0.597282   0.014907 
  21.866130   0.597570   0.014907 
  22.239025   0.597857   0.014907 
  22.023010   0.598144   0.014907 
  22.023010   0.597718   0.014907 
  22.023010   0.597292   0.014907 
  21.796435   0.597578   0.014907 
  22.094406   0.597865   0.014907 
  22.094406   0.597440   0.014907 
  22.928218   0.597726   0.014907 
  23.595167   0.598011   0.014907 
  23.975795   0.598297   0.014907 
  24.189803   0.598582   0.014907 
  24.328426   0.598866   0.014907 
  24.406406   0.599150   0.014907 
  24.529578   0.599434   0.014907 
  23.853561   0.599717   0.014907 
  24.389161   0.600000   0.014907 
  23.733922   0.600282   0.014907 
  24.592693   0.600565   0.014907 
  24.592693   0.600141   0.014907 
  24.592693   0.599718   0.014907 
  24.917292   0.600000   0.014907 
  24.917292   0.599578   0.014907 
  25.463605   0.599859   0.014907 
  25.027071   0.600141   0.014907 
  27.374117   0.600421   0.014907 
  27.374117   0.600000   0.014907 
  27.062965   0.600281   0.014907 
  27.535554   0.600561   0.014907 
  27.535554   0.600140   0.014907 
  27.173773   0.600420   0.014907 
  27.473861   0.600699   0.014907 
  26.850319   0.600978   0.014907 
  26.850319   0.600559   0.014907 
  26.850319   0.600140   0.014907 
  28.240968   0.600418   0.014907 
  28.240968   0.600000   0.014907 
  27.985049   0.600279   0.014907 
  27.362032   0.600557   0.014907 
  26.265364   0.600834   0.014907 
  26.265364   0.600417   0.014907 
  25.175541   0.600694   0.014907 
  25.256766   0.600972   0.014907 
  24.930781   0.601248   0.014907 
  24.556392   0.601525   0.014907 
  24.556392   0.601108   0.014907 
  24.676573   0.601384   0.014907 
  26.365530   0.601660   0.014907 
  26.017604   0.601935   0.014907 
  27.421383   0.602210   0.014907 
  26.471352   0.602484   0.014907 
  24.901320   0.602759   0.014907 
  24.901320   0.602343   0.014907 
  24.901320   0.601928   0.014907 
  24.901320   0.601514   0.014907 
  24.901320   0.601100   0.014907 
  24.906741   0.601375   0.014907 
  24.993075   0.601648   0.014907 
  24.993075   0.601235   0.014907 
  24.507373   0.601509   0.014907 
  24.507373   0.601097   0.014907 
  23.842193   0.601370   0.014907 
  23.753538   0.601643   0.014907 
  25.355302   0.601915   0.014907 
  25.355302   0.601504   0.014907 
  25.923832   0.601776   0.014907 
  25.923832   0.601365   0.014907 
  25.923832   0.600955   0.014907 
  25.681377   0.601227   0.014907 
  25.681377   0.600817   0.014907 
  25.020324   0.601089   0.014907 
  24.184321   0.601361   0.014907 
  22.853365   0.601632   0.014907 
  21.735199   0.601902   0.014907 
  22.051797   0.602172   0.014907 
  22.051797   0.601764   0.014907 
  21.940533   0.602034   0.014907 
  21.940533   0.601626   0.014907 
  23.751435   0.601896   0.014907 
  24.354947   0.602165   0.014907 
  24.354947   0.601758   0.014907 
  24.260311   0.602027   0.014907 
  24.332321   0.602296   0.014907 
  24.355143   0.602564   0.014907 
  24.703318   0.602832   0.014907 
  24.703318   0.602426   0.014907 
  24.264633   0.602694   0.014907 
  24.264633   0.602288   0.014907 
  25.014840   0.602555   0.014907 
  26.162996   0.602823   0.014907 
  26.162996   0.602418   0.014907 
  27.288489   0.602685   0.014907 
  27.242098   0.602951   0.014907 
  28.584083   0.603217   0.014907 
  28.271892   0.603483   0.014907 
  28.271892   0.603079   0.014907 
  28.271892   0.602676   0.014907 
  29.307811   0.602941   0.014907 
  29.307811   0.602538   0.014907 
  29.504410   0.602804   0.014907 
  29.504410   0.602402   0.014907 
  29.497045   0.602667   0.014907 
  29.497045   0.602265   0.014907 
  29.081048   0.602530   0.014907 
  29.081048   0.602129   0.014907 
  29.680152   0.602394   0.014907 
  29.680152   0.601993   0.014907 
  29.816797   0.602258   0.014907 
  29.002848   0.602522   0.014907 
  29.002848   0.602122   0.014907 
  29.002848   0.601723   0.014907 
  28.774918   0.601987   0.014907 
  28.774918   0.601588   0.014907 
  28.841502   0.601852   0.014907 
  28.841502   0.601454   0.014907 
  28.596554   0.601717   0.014907 
  28.596554   0.601320   0.014907 
  28.596554   0.600923   0.014907 
  27.668518   0.601187   0.014907 
  27.668518   0.600791   0.014907 
  28.694164   0.601053   0.014907 
  28.694164   0.600658   0.014907 
  29.396245   0.600920   0.014907 
  29.888413   0.601183   0.014907 
  29.888413   0.600788   0.014907 
  29.888413   0.600394   0.014907 
  29.888413   0.600000   0.014907 
  29.888413   0.599607   0.014907 
  29.888413   0.599214   0.014907 
  30.800017   0.599476   0.014907 
  30.800017   0.599084   0.014907 
  31.029056   0.599346   0.014907 
  31.764937   0.599608   0.014907 
  31.795625   0.599869   0.014907 
  31.795625   0.599478   0.014907 
  31.059059   0.599739   0.014907 
  31.059059   0.599349   0.014907 
  30.983074   0.599609   0.014907 
  30.983074   0.599219   0.014907 
  30.721906   0.599480   0.014907 
  31.093345   0.599740   0.014907 
  31.695371   0.600000   0.014907 
  31.695371   0.599611   0.014907 
  32.113677   0.599870   0.014907 
  32.113677   0.599482   0.014907 
  32.113677   0.599093   0.014907 
  32.103054   0.599353   0.014907 
  31.661544   0.599612   0.014907 
  31.661544   0.599224   0.014907 
  31.661544   0.598837   0.014907 
  31.420225   0.599096   0.014907 
  32.493052   0.599355   0.014907 
  32.493052   0.598968   0.014907 
  32.118617   0.599227   0.014907 
  32.118617   0.598841   0.014907 
  33.479760   0.599099   0.014907 
  33.479760   0.598714   0.014907 
  33.479760   0.598329   0.014907 
  33.479760   0.597945   0.014907 
  33.319573   0.598203   0.014907 
  33.580281   0.598461   0.014907 
  32.185022   0.598718   0.014907 
  32.185022   0.598334   0.014907 
  31.563800   0.598592   0.014907 
  29.281854   0.598848   0.014907 
  28.656801   0.599105   0.014907 
  28.656801   0.598722   0.014907 
  28.793214   0.598978   0.014907 
  28.793214   0.598596   0.014907 
  28.793214   0.598214   0.014907 
  27.382382   0.598470   0.014907 
  27.065870   0.598726   0.014907 
  27.337218   0.598982   0.014907 
  27.337218   0.598601   0.014907 
  27.337218   0.598220   0.014907 
  26.652267   0.598475   0.014907 
  26.677957   0.598730   0.014907 
  26.673803   0.598985   0.014907 
  26.984157   0.599239   0.014907 
  25.898660   0.599493   0.014907 
  25.898660   0.599113   0.014907 
  25.406362   0.599367   0.014907 
  25.712620   0.599620   0.014907 
  25.712620   0.599241   0.014907 
  25.712620   0.598863   0.014907 
  24.975150   0.599116   0.014907 
  25.251970   0.599369   0.014907 
  25.832098   0.599622   0.014907 
  24.677908   0.599874   0.014907 
  24.677908   0.599496   0.014907 
  24.495039   0.599748   0.014907 
  23.423456   0.600000   0.014907 
  23.983716   0.600251   0.014907 
  23.818291   0.600503   0.014907 
  23.818291   0.600126   0.014907 
  23.818291   0.599749   0.014907 
  23.193977   0.600000   0.014907 
  23.193977   0.599624   0.014907 
  23.437498   0.599875   0.014907 
  23.358052   0.600125   0.014907 
  23.954974   0.600375   0.014907 
  24.612185   0.600625   0.014907 
  23.486423   0.600874   0.014907 
  23.486423   0.600499   0.014907 
  24.381623   0.600749   0.014907 
  24.381623   0.600374   0.014907 
  24.360251   0.600623   0.014907 
  24.360251   0.600249   0.014907 
  24.360251   0.599876   0.014907 
  24.246285   0.600124   0.014907 
  24.246285   0.599751   0.014907 
  24.286030   0.600000   0.014907 
  24.460268   0.600248   0.014907 
  24.386664   0.600496   0.014907 
  24.601934   0.600744   0.014907 
  24.162796   0.600991   0.014907 
  23.159125   0.601238   0.014907 
  23.159125   0.600866   0.014907 
  23.046678   0.601113   0.014907 
  23.867239   0.601360   0.014907 
  22.245409   0.601606   0.014907 
  22.245409   0.601235   0.014907 
  20.772486   0.601481   0.014907 
  21.971396   0.601726   0.014907 
  19.775885   0.601972   0.014907 
  19.542724   0.602217   0.014907 
  19.542724   0.601846   0.014907 
  19.542724   0.601476   0.014907 
  19.542724   0.601106   0.014907 
  19.285333   0.601351   0.014907 
  17.358829   0.601596   0.014907 
  17.214491   0.601840   0.014907 
  18.760224   0.602085   0.014907 
  17.499989   0.602328   0.014907 
  17.359134   0.602572   0.014907 
  16.994165   0.602815   0.014907 
  16.208316   0.603058   0.014907 
  16.700043   0.603301   0.014907 
  15.100258   0.603543   0.014907 
  15.488033   0.603785   0.014907 
  14.684516   0.604027   0.014907 
  14.863705   0.604268   0.014907 
  14.863705   0.603900   0.014907 
  14.828637   0.604141   0.014907 
  14.828637   0.603774   0.014907 
  14.828637   0.603406   0.014907 
  14.112584   0.603647   0.014907 
  14.112584   0.603281   0.014907 
  15.537177   0.603522   0.014907 
  15.640307   0.603762   0.014907 
  15.640307   0.603396   0.014907 
  15.640307   0.603030   0.014907 
  15.640307   0.602665   0.014907 
  15.556792   0.602906   0.014907 
  15.367084   0.603146   0.014907 
  15.367084   0.602781   0.014907 
  15.338025   0.603021   0.014907 
  15.508090   0.603261   0.014907 
  15.508090   0.602897   0.014907 
  15.508090   0.602533   0.014907 
  15.261793   0.602773   0.014907 
  14.874456   0.603012   0.014907 
  14.874456   0.602649   0.014907 
  14.874456   0.602286   0.014907 
  15.965044   0.602526   0.014907 
  15.558855   0.602764   0.014907 
  15.558855   0.602402   0.014907 
  15.531113   0.602641   0.014907 
  15.531113   0.602280   0.014907 
  15.531113   0.601918   0.014907 
  16.120583   0.602157   0.014907 
  16.120583   0.601796   0.014907 
  16.120583   0.601436   0.014907 
  15.743839   0.601675   0.014907 
  15.743839   0.601315   0.014907 
  15.480490   0.601553   0.014907 
  15.242288   0.601791   0.014907 
  15.242288   0.601432   0.014907 
  15.528250   0.601670   0.014907 
  15.403114   0.601907   0.014907 
  15.419925   0.602144   0.014907 
  15.169581   0.602381   0.014907 
  15.169581   0.602023   0.014907 
  14.865244   0.602259   0.014907 
  14.767943   0.602496   0.014907 
  15.182258   0.602732   0.014907 
  15.182258   0.602374   0.014907 
  15.182258   0.602017   0.014907 
  14.769063   0.602253   0.014907 
  14.769063   0.601896   0.014907 
  13.885400   0.602131   0.014907 
  13.885400   0.601775   0.014907 
  14.006272   0.602011   0.014907 
  14.369358   0.602246   0.014907 
  13.470732   0.602481   0.014907 
  13.470732   0.602125   0.014907 
  13.470110   0.602360   0.014907 
  13.828119   0.602594   0.014907 
  13.732934   0.602829   0.014907 
  13.707909   0.603062   0.014907 
  13.690157   0.603296   0.014907 
  13.934983   0.603529   0.014907 
  13.934983   0.603175   0.014907 
  14.476552   0.603408   0.014907 
  14.476552   0.603053   0.014907 
  14.689044   0.603286   0.014907 
  15.131907   0.603519   0.014907 
  15.019800   0.603751   0.014907 
  15.019800   0.603398   0.014907 
  14.857707   0.603630   0.014907 
  14.857707   0.603277   0.014907 
  15.080864   0.603509   0.014907 
  15.080864   0.603156   0.014907 
  14.697731   0.603388   0.014907 
  14.697731   0.603036   0.014907 
  15.012948   0.603267   0.014907 
  15.012948   0.602915   0.014907 
  15.356353   0.603147   0.014907 
  15.790996   0.603378   0.014907 
  15.453002   0.603609   0.014907 
  14.890256   0.603839   0.014907 
  15.286096   0.604070   0.014907 
  14.866969   0.604300   0.014907 
  14.975428   0.604530   0.014907 
  14.975428   0.604179   0.014907 
  15.993278   0.604408   0.014907 
  15.364484   0.604638   0.014907 
  15.979288   0.604867   0.014907 
  16.112126   0.605096   0.014907 
  14.738996   0.605324   0.014907 
  14.738996   0.604974   0.014907 
  15.205746   0.605202   0.014907 
  15.205746   0.604853   0.014907 
  15.205746   0.604503   0.014907 
  15.205746   0.604155   0.014907 
  15.060931   0.604383   0.014907 
  15.060931   0.604035   0.014907 
  15.202007   0.604263   0.014907 
  15.202007   0.603915   0.014907 
  15.597857   0.604143   0.014907 
  15.594189   0.604370   0.014907 
  15.546546   0.604598   0.014907 
  15.573366   0.604825   0.014907 
  15.644231   0.605052   0.014907 
  15.388396   0.605278   0.014907 
  15.388396   0.604931   0.014907 
  16.088944   0.605158   0.014907 
  16.088944   0.604811   0.014907 
  17.160622   0.605037   0.014907 
  17.160622   0.604691   0.014907 
  17.160622   0.604345   0.014907 
  16.430549   0.604571   0.014907 
  16.430549   0.604226   0.014907 
  16.392116   0.604452   0.014907 
  16.235024   0.604678   0.014907 
  16.235024   0.604333   0.014907 
  16.404137   0.604558   0.014907 
  16.011993   0.604784   0.014907 
  16.196591   0.605009   0.014907 
  16.196591   0.604664   0.014907 
  15.979965   0.604889   0.014907 
  16.121182   0.605114   0.014907 
  16.475920   0.605338   0.014907 
  16.475920   0.604994   0.014907 
  16.475920   0.604651   0.014907 
  16.475920   0.604308   0.014907 
  16.942471   0.604533   0.014907 
  17.109651   0.604757   0.014907 
  17.109651   0.604414   0.014907 
  15.061734   0.604638   0.014907 
  15.609875   0.604862   0.014907 
  15.609875   0.604520   0.014907 
  16.385070   0.604743   0.014907 
  17.088252   0.604966   0.014907 
  16.717977   0.605189   0.014907 
  16.717977   0.604848   0.014907 
  16.717977   0.604507   0.014907 
  16.634248   0.604730   0.014907 
  16.634248   0.604389   0.014907 
  16.634248   0.604049   0.014907 
  16.361485   0.604272   0.014907 
  16.361485   0.603933   0.014907 
  16.361485   0.603593   0.014907 
  16.231947   0.603816   0.014907 
  15.039244   0.604038   0.014907 
  14.918211   0.604260   0.014907 
  14.617685   0.604482   0.014907 
  14.617685   0.604143   0.014907 
  13.875211   0.604365   0.014907 
  13.647518   0.604586   0.014907 
  13.697259   0.604807   0.014907 
  13.656070   0.605028   0.014907 
  13.656070   0.604690   0.014907 
  13.656070   0.604353   0.014907 
  12.929405   0.604573   0.014907 
  12.929405   0.604236   0.014907 
  12.929405   0.603900   0.014907 
  12.952472   0.604120   0.014907 
  13.804769   0.604341   0.014907 
  13.727449   0.604561   0.014907 
  13.526143   0.604780   0.014907 
  13.984426   0.605000   0.014907 
  13.385263   0.605219   0.014907 
  14.344931   0.605438   0.014907 
  15.578698   0.605657   0.014907 
  14.790994   0.605876   0.014907 
  15.629427   0.606094   0.014907 
  15.629427   0.605759   0.014907 
  15.629427   0.605423   0.014907 
  15.374314   0.605642   0.014907 
  15.403058   0.605860   0.014907 
  15.448014   0.606077   0.014907 
  15.448014   0.605743   0.014907 
  15.086023   0.605960   0.014907 
  14.847831   0.606178   0.014907 
  14.847831   0.605843   0.014907 
  14.577937   0.606061   0.014907 
  14.577937   0.605727   0.014907 
  14.577937   0.605394   0.014907 
  15.407476   0.605611   0.014907 
  16.869240   0.605827   0.014907 
  16.902012   0.606044   0.014907 
  16.902012   0.605711   0.014907 
  16.902012   0.605379   0.014907 
  16.869108   0.605595   0.014907 
  19.472539   0.605811   0.014907 
  19.480365   0.606027   0.014907 
  20.466792   0.606243   0.014907 
  21.090951   0.606459   0.014907 
  20.831272   0.606674   0.014907 
  20.314311   0.606889   0.014907 
  21.415150   0.607104   0.014907 
  21.331271   0.607318   0.014907 
  18.440364   0.607533   0.014907 
  19.541994   0.607747   0.014907 
  19.541994   0.607415   0.014907 
  19.541994   0.607084   0.014907 
  20.323870   0.607298   0.014907 
  20.639603   0.607512   0.014907 
  21.243047   0.607726   0.014907 
  19.900225   0.607939   0.014907 
  19.986913   0.608152   0.014907 
  19.986913   0.607822   0.014907 
  19.986913   0.607492   0.014907 
  19.986913   0.607162   0.014907 
  20.491819   0.607375   0.014907 
  20.491819   0.607046   0.014907 
  20.491819   0.606717   0.014907 
  20.491819   0.606389   0.014907 
  22.384788   0.606602   0.014907 
  23.010477   0.606814   0.014907 
  23.010477   0.606486   0.014907 
  23.010477   0.606159   0.014907 
  23.694772   0.606371   0.014907 
  23.694772   0.606044   0.014907 
  23.694772   0.605717   0.014907 
  23.694772   0.605391   0.014907 
  24.018275   0.605603   0.014907 
  24.018275   0.605277   0.014907 
  24.018275   0.604952   0.014907 
  24.910509   0.605164   0.014907 
  24.763644   0.605376   0.014907 
  25.053392   0.605588   0.014907 
  25.516466   0.605800   0.014907 
  25.516466   0.605475   0.014907 
  25.516466   0.605150   0.014907 
  25.516466   0.604826   0.014907 
  25.516466   0.604502   0.014907 
  24.206630   0.604713   0.014907 
  23.174905   0.604925   0.014907 
  23.174905   0.604601   0.014907 
  23.174905   0.604278   0.014907 
  23.437813   0.604490   0.014907 
  21.337138   0.604701   0.014907 
  20.748035   0.604912   0.014907 
  22.514192   0.605123   0.014907 
  21.816211   0.605333   0.014907 
  21.816211   0.605011   0.014907 
  23.436656   0.605221   0.014907 
  23.130047   0.605431   0.014907 
  22.041323   0.605641   0.014907 
  23.055994   0.605851   0.014907 
  22.027409   0.606061   0.014907 
  22.465119   0.606270   0.014907 
  22.465119   0.605948   0.014907 
  23.317799   0.606157   0.014907 
  23.727635   0.606366   0.014907 
  23.727635   0.606045   0.014907 
  24.670105   0.606253   0.014907 
  25.084339   0.606462   0.014907 
  25.084339   0.606141   0.014907 
  25.084339   0.605820   0.014907 
  25.084339   0.605500   0.014907 
  25.084339   0.605180   0.014907 
  24.971967   0.605388   0.014907 
  25.473373   0.605597   0.014907 
  25.683786   0.605805   0.014907 
  25.421821   0.606013   0.014907 
  24.918690   0.606220   0.014907 
  24.688016   0.606428   0.014907 
  24.688016   0.606108   0.014907 
  25.135284   0.606316   0.014907 
  25.135284   0.605997   0.014907 
  24.514298   0.606204   0.014907 
  23.820569   0.606411   0.014907 
  23.820569   0.606092   0.014907 
  23.946404   0.606299   0.014907 
  25.438504   0.606506   0.014907 
  28.009076   0.606712   0.014907 
  28.009076   0.606394   0.014907 
  28.009076   0.606076   0.014907 
  29.822517   0.606283   0.014907 
  30.566114   0.606489   0.014907 
  30.566114   0.606172   0.014907 
  30.748651   0.606377   0.014907 
  31.026694   0.606583   0.014907 
  29.191019   0.606789   0.014907 
  28.266095   0.606994   0.014907 
  28.283230   0.607199   0.014907 
  28.283230   0.606882   0.014907 
  29.303343   0.607087   0.014907 
  29.303343   0.606771   0.014907 
  29.303343   0.606455   0.014907 
  29.402448   0.606660   0.014907 
  29.402448   0.606344   0.014907 
  29.370941   0.606549   0.014907 
  28.021038   0.606753   0.014907 
  28.021038   0.606438   0.014907 
  28.021038   0.606124   0.014907 
  28.139248   0.606328   0.014907 
  28.139248   0.606013   0.014907 
  28.858402   0.606218   0.014907 
  28.212998   0.606422   0.014907 
  28.420497   0.606625   0.014907 
  29.495977   0.606829   0.014907 
  29.673137   0.607032   0.014907 
  29.673137   0.606718   0.014907 
  29.535525   0.606921   0.014907 
  29.535525   0.606608   0.014907 
  30.122766   0.606811   0.014907 
  30.062652   0.607014   0.014907 
  30.330322   0.607216   0.014907 
  31.477165   0.607419   0.014907 
  31.477165   0.607106   0.014907 
  30.507845   0.607308   0.014907 
  30.507845   0.606996   0.014907 
  28.964011   0.607198   0.014907 
  29.402784   0.607400   0.014907 
  30.456341   0.607601   0.014907 
  30.093868   0.607803   0.014907 
  30.028596   0.608004   0.014907 
  30.126157   0.608205   0.014907 
  30.126157   0.607893   0.014907 
  30.557627   0.608094   0.014907 
  30.557627   0.607783   0.014907 
  30.557627   0.607472   0.014907 
  30.557627   0.607161   0.014907 
  30.557627   0.606851   0.014907 
  31.132325   0.607052   0.014907 
  29.800551   0.607252   0.014907 
  30.275494   0.607453   0.014907 
  30.275494   0.607143   0.014907 
  29.811371   0.607343   0.014907 
  29.753629   0.607543   0.014907 
  29.753629   0.607234   0.014907 
  29.466352   0.607434   0.014907 
  29.466352   0.607125   0.014907 
  28.644533   0.607325   0.014907 
  28.644533   0.607016   0.014907 
  28.921442   0.607215   0.014907 
  28.921442   0.606907   0.014907 
  28.921442   0.606599   0.014907 
  29.743834   0.606799   0.014907 
  30.590371   0.606998   0.014907 
  30.590371   0.606690   0.014907 
  30.765398   0.606890   0.014907 
  30.972870   0.607089   0.014907 
  30.972870   0.606781   0.014907 
  30.972870   0.606474   0.014907 
  30.972870   0.606168   0.014907 
  30.502396   0.606367   0.014907 
  30.502396   0.606061   0.014907 
  30.502396   0.605755   0.014907 
  30.502396   0.605449   0.014907 
  28.697002   0.605648   0.014907 
  28.239451   0.605847   0.014907 
  28.239451   0.605542   0.014907 
  27.604198   0.605740   0.014907 
  29.099145   0.605939   0.014907 
  29.116426   0.606137   0.014907 
  29.159849   0.606335   0.014907 
  29.124988   0.606533   0.014907 
  28.608992   0.606730   0.014907 
  28.742552   0.606928   0.014907 
  28.844121   0.607125   0.014907 
  28.929940   0.607322   0.014907 
  29.015254   0.607519   0.014907 
  28.937973   0.607715   0.014907 
  28.937973   0.607411   0.014907 
  28.937973   0.607107   0.014907 
  29.606980   0.607304   0.014907 
  27.603630   0.607500   0.014907 
  28.601752   0.607696   0.014907 
