0.000000e+00 -9.649400e-01 0.000000e+00 1.187852e+00 0.000000e+00 1.926684e-01 -1.786868e+00 0.000000e+00 -6.450401e-01 0.000000e+00 0.000000e+00 1.204052e+00 0.000000e+00 -4.512605e-01 0.000000e+00 6.819173e-01 
2.670790e-01 5.827669e-01 6.096590e-01 7.179416e-01 6.346018e-01 -4.274023e-01 -1.814079e+00 -2.086985e+00 -2.184977e+00 9.844959e-01 -2.313653e-01 2.197773e-01 1.400987e-01 -6.787844e-02 -5.559182e-01 1.184887e+00 
-2.558811e+00 4.036697e-01 6.862701e-01 5.761365e-01 7.686146e-01 1.723204e-01 8.589954e-01 4.438903e-02 -8.303035e-01 5.788687e-01 6.029040e-02 -2.162186e-01 -1.562899e-01 1.300445e-02 -6.148068e-01 -7.687725e-03 
6.801026e-02 1.855405e+00 1.820817e+00 -4.676294e-01 -1.192273e+00 5.330613e-01 -1.641374e+00 -2.172673e-01 2.256040e+00 -1.630434e+00 -4.948981e-02 -1.024977e-01 1.169945e-01 -7.673405e-03 1.799200e+00 1.720121e+00 
-9.297105e-01 -1.204630e+00 -3.342551e-01 -6.438419e-01 4.551150e-01 5.357324e-01 -6.663088e-01 -1.957221e+00 -5.729009e-01 -4.068466e-01 -7.916087e-02 -5.271182e-02 -1.888587e-01 -5.546192e-02 3.316242e-01 -3.547436e-01 
-2.670790e-01 5.827669e-01 -6.096590e-01 7.179416e-01 -6.346018e-01 -4.274023e-01 -1.814079e+00 2.086985e+00 -2.184977e+00 -9.844959e-01 2.313653e-01 2.197773e-01 -1.400987e-01 -6.787844e-02 5.559182e-01 1.184887e+00 
0.000000e+00 2.792733e+00 0.000000e+00 1.424268e-01 0.000000e+00 -1.573717e+00 2.667609e+00 0.000000e+00 1.683928e-01 0.000000e+00 0.000000e+00 1.385476e+00 0.000000e+00 -7.654575e-01 0.000000e+00 -4.517369e-01 
-2.668445e-02 4.901845e-01 -4.625833e-01 2.270579e-01 -9.967467e-02 3.038283e-01 -4.179182e-01 -1.825767e+00 -6.478219e-01 -1.038643e+00 2.251293e-01 -2.518423e-02 2.166216e-02 -6.894347e-02 -7.485159e-01 -1.463600e+00 
8.574651e-03 -7.181569e-01 6.055400e-01 -1.551419e+00 1.113324e+00 -1.301663e-01 -1.681185e-01 -1.017189e+00 -9.309829e-01 2.292728e-01 -1.667745e-01 -1.392863e-01 2.427120e-01 3.441385e-02 7.323987e-01 -7.828367e-01 
7.824635e-01 3.048906e+00 -2.853062e-01 -1.133516e-01 -1.490251e+00 6.631432e-01 -5.871843e-01 4.935061e-01 8.201354e-01 5.440278e-01 1.764972e-01 1.583011e-01 -1.154269e-02 6.583805e-02 -8.437051e-01 -1.595603e+00 
2.558811e+00 4.036697e-01 -6.862701e-01 5.761365e-01 -7.686146e-01 1.723204e-01 8.589954e-01 -4.438903e-02 -8.303035e-01 -5.788687e-01 -6.029040e-02 -2.162186e-01 1.562899e-01 1.300445e-02 6.148068e-01 -7.687725e-03 
2.668445e-02 4.901845e-01 4.625833e-01 2.270579e-01 9.967467e-02 3.038283e-01 -4.179182e-01 1.825767e+00 -6.478219e-01 1.038643e+00 -2.251293e-01 -2.518423e-02 -2.166216e-02 -6.894347e-02 7.485159e-01 -1.463600e+00 
0.000000e+00 -1.861077e+00 0.000000e+00 -1.913870e+00 0.000000e+00 4.118233e-01 2.064838e+00 0.000000e+00 -1.334613e+00 0.000000e+00 0.000000e+00 1.267567e+00 0.000000e+00 -7.630849e-01 0.000000e+00 1.513688e+00 
1.276480e-01 -8.962824e-02 1.443386e+00 1.145050e-01 -4.053757e-01 5.296840e-01 2.089396e-01 1.660261e+00 -1.281515e-01 -1.202571e+00 1.637240e-01 8.999352e-02 -3.370154e-02 2.645591e-02 -1.711584e-01 -5.454111e-02 
-1.310400e+00 -4.541265e-01 -1.574653e-01 1.120969e+00 1.831074e+00 6.968296e-01 -5.949895e-01 8.855801e-01 1.409388e+00 -2.200055e+00 7.118320e-02 -7.271978e-02 6.715119e-02 2.307822e-02 1.035403e+00 -3.573747e-01 
-6.801026e-02 1.855405e+00 -1.820817e+00 -4.676294e-01 1.192273e+00 5.330613e-01 -1.641374e+00 2.172673e-01 2.256040e+00 1.630434e+00 4.948981e-02 -1.024977e-01 -1.169945e-01 -7.673405e-03 -1.799200e+00 1.720121e+00 
-8.574651e-03 -7.181569e-01 -6.055400e-01 -1.551419e+00 -1.113324e+00 -1.301663e-01 -1.681185e-01 1.017189e+00 -9.309829e-01 -2.292728e-01 1.667745e-01 -1.392863e-01 -2.427120e-01 3.441385e-02 -7.323987e-01 -7.828367e-01 
-1.276480e-01 -8.962824e-02 -1.443386e+00 1.145050e-01 4.053757e-01 5.296840e-01 2.089396e-01 -1.660261e+00 -1.281515e-01 1.202571e+00 -1.637240e-01 8.999352e-02 3.370154e-02 2.645591e-02 1.711584e-01 -5.454111e-02 
0.000000e+00 -8.742663e-01 0.000000e+00 -1.715957e-01 0.000000e+00 -1.602000e-01 -8.761274e-01 0.000000e+00 -2.948142e+00 0.000000e+00 0.000000e+00 1.183872e+00 0.000000e+00 -3.133290e-01 0.000000e+00 -6.291261e-01 
-1.416937e+00 -9.870175e-02 1.403551e+00 7.882616e-02 2.482303e+00 -1.691005e+00 -2.501686e-01 -1.030483e+00 -1.994539e+00 -7.541762e-02 -3.575052e-02 -6.815101e-02 -3.650098e-02 -2.253052e-01 7.512762e-01 -2.179196e-01 
9.297105e-01 -1.204630e+00 3.342551e-01 -6.438419e-01 -4.551150e-01 5.357324e-01 -6.663088e-01 1.957221e+00 -5.729009e-01 4.068466e-01 7.916087e-02 -5.271182e-02 1.888587e-01 -5.546192e-02 -3.316242e-01 -3.547436e-01 
-7.824635e-01 3.048906e+00 2.853062e-01 -1.133516e-01 1.490251e+00 6.631432e-01 -5.871843e-01 -4.935061e-01 8.201354e-01 -5.440278e-01 -1.764972e-01 1.583011e-01 1.154269e-02 6.583805e-02 8.437051e-01 -1.595603e+00 
1.310400e+00 -4.541265e-01 1.574653e-01 1.120969e+00 -1.831074e+00 6.968296e-01 -5.949895e-01 -8.855801e-01 1.409388e+00 2.200055e+00 -7.118320e-02 -7.271978e-02 -6.715119e-02 2.307822e-02 -1.035403e+00 -3.573747e-01 
1.416937e+00 -9.870175e-02 -1.403551e+00 7.882616e-02 -2.482303e+00 -1.691005e+00 -2.501686e-01 1.030483e+00 -1.994539e+00 7.541762e-02 3.575052e-02 -6.815101e-02 3.650098e-02 -2.253052e-01 -7.512762e-01 -2.179196e-01 
0.000000e+00 -1.433919e-01 0.000000e+00 -2.062472e+00 0.000000e+00 1.760896e+00 -1.016497e+00 0.000000e+00 1.140978e+00 0.000000e+00 0.000000e+00 1.069186e+00 0.000000e+00 -5.926187e-01 0.000000e+00 -1.887207e+00 
